295
451
145
201
981
622
352
668
898
292
714
190
246
835
988
143
952
671
630
468
222
120
255
914
456
819
354
88
566
90
892
960
747
232
250
799
666
162
818
782
58
963
691
196
349
413
361
13
399
168
93
214
904
77
510
57
447
475
884
161
137
358
63
230
59
315
551
767
587
500
908
259
286
946
252
855
838
599
514
177
712
867
33
905
987
685
839
537
118
796
181
516
140
348
522
752
542
854
515
851
679
444
635
280
487
432
775
312
31
204
707
545
639
739
997
661
931
966
124
431
833
696
718
653
314
652
85
627
392
947
774
372
136
151
761
4
797
217
299
376
188
241
823
133
856
421
811
125
144
994
303
375
317
386
276
820
274
693
771
21
335
89
617
841
863
985
645
680
43
327
663
355
794
251
186
211
868
470
704
116
603
900
817
166
768
547
732
2
534
464
511
442
788
429
879
840
756
123
830
247
175
700
517
400
623
609
585
673
147
920
408
443
607
596
749
50
131
339
881
683
915
729
684
687
75
598
759
78
971
980
97
543
471
806
678
726
278
770
665
918
499
604
25
786
109
927
381
288
260
212
245
620
999
724
310
582
762
657
41
74
938
302
954
569
912
154
428
907
397
342
405
507
94
170
677
32
113
441
473
253
921
496
298
558
925
364
593
958
285
129
472
528
613
578
409
309
368
561
308
450
602
466
387
610
284
449
1
148
634
692
206
455
540
322
735
279
807
311
371
583
425
783
778
366
874
1000
95
903
553
102
390
138
105
37
715
562
785
658
26
624
112
340
934
304
983
5
70
325
262
343
520
414
608
80
14
568
275
502
52
924
800
826
708
504
111
438
877
459
606
618
555
290
351
22
580
238
240
705
955
698
913
446
951
694
979
234
893
744
573
998
611
385
633
210
139
128
182
333
110
199
930
334
891
268
237
763
505
157
331
523
642
674
101
654
875
236
47
764
964
433
849
249
576
957
501
638
575
10
76
134
932
827
519
950
272
417
454
149
676
597
667
887
878
395
82
388
917
975
730
850
384
728
465
996
809
923
949
488
396
221
242
741
961
720
512
180
403
393
531
224
909
45
861
122
713
269
427
498
631
831
197
458
29
215
300
959
894
497
791
910
228
647
92
481
916
548
870
461
896
565
117
287
546
341
628
220
141
846
632
883
146
890
418
533
484
17
743
525
336
836
860
353
38
655
758
901
18
424
345
897
62
550
594
324
48
24
407
313
787
6
165
248
254
216
584
194
320
821
636
695
965
126
367
293
401
829
373
493
798
919
27
36
895
495
940
185
410
816
173
20
200
722
84
338
970
992
616
945
651
79
506
748
12
876
460
847
740
332
167
567
509
600
16
842
437
169
270
142
662
114
552
391
374
780
430
508
389
719
560
56
790
527
422
858
135
476
703
614
96
68
467
294
91
479
766
530
486
213
572
121
577
423
986
15
865
974
7
61
937
439
629
869
601
862
119
178
474
202
378
189
329
155
73
595
746
804
802
754
267
699
271
365
192
513
911
64
9
115
415
880
857
990
853
19
318
435
291
906
265
646
926
491
681
360
690
765
150
834
132
899
51
591
184
922
672
440
556
195
356
3
539
864
108
792
590
659
53
902
738
281
244
477
928
434
483
337
650
156
557
701
359
995
641
956
419
731
564
535
104
779
503
686
28
226
736
382
888
363
227
357
69
682
445
264
706
727
306
183
702
936
793
231
233
885
263
60
656
219
398
750
218
494
843
664
225
649
223
65
191
942
377
570
229
815
948
625
346
321
592
87
330
158
571
755
72
710
615
44
889
532
872
929
822
489
660
795
23
637
586
772
538
825
989
773
544
347
207
67
675
30
882
81
235
626
289
402
526
751
554
243
258
71
209
968
256
453
803
55
296
492
485
8
871
518
742
784
976
416
350
301
969
845
612
670
362
745
277
208
448
581
411
153
46
541
977
171
944
935
394
972
205
103
193
11
733
482
463
605
369
810
297
326
323
757
873
529
426
159
462
344
436
688
640
179
412
319
588
973
316
452
174
619
716
307
933
648
163
697
789
563
42
962
644
549
176
828
383
848
49
305
266
536
107
478
98
328
172
524
978
127
35
941
814
725
939
721
66
734
589
283
152
480
490
257
844
198
261
984
777
40
239
943
953
99
801
130
813
669
832
559
380
689
106
160
781
852
760
769
54
83
187
991
404
203
34
967
808
711
709
370
469
837
824
723
574
753
993
420
282
737
273
643
776
812
805
859
579
886
866
406
621
717
100
39
982
457
379
521
164
86