1704
 9290
 5772
 2844
 3674
 4646
 3765
 2017
 8088
 8865
 7264
 2128
 9971
 1304
 8801
 8014
 7475
 6684
 8882
 4458
 5695
 2866
 8266
 5929
 4221
 2384
 9983
 8218
 7554
 2225
 8306
  912
 7867
 2147
 1064
 1200
 6060
 6167
 9411
 3442
 2237
 5150
  407
 7433
 7015
 9520
 2784
  277
 8462
 4303
 3969
 9378
 3809
 2593
 2318
 4431
 1605
 3926
 8382
 3524
 1068
 3294
 6329
 8100
 4577
 1881
 4053
 3576
  315
 8684
 4102
 3490
 4550
 7707
 7405
 3813
 8212
 2690
  647
 4361
 1410
 8923
 6878
 8467
 7071
 1270
 9774
 4187
  943
 4968
 8712
 8055
 2807
 2796
 4794
 9976
  827
 6304
 7123
  618
 5567
 7845
 3024
 4044
  858
 9470
 6485
 5762
 8623
 7993
 1509
 7247
 4890
 6122
 2908
 3291
 2994
 4513
 9432
  504
 5443
 6414
 3988
 4767
 7315
 1632
  522
 3392
 7562
  308
 4593
 5374
 6738
 4860
 2163
 5068
 5667
 1315
 8697
 6180
 9640
 2464
 8270
 3745
 8269
 3201
 9734
 2166
 7605
 8782
 8386
  650
 9043
 3865
 1822
 4350
 6654
 3205
 2009
 9989
 2942
 3227
 5931
 4476
 6700
 2298
  215
 6998
 6970
 7541
 8979
 2489
 4743
 1777
 8321
 8571
 8447
 1651
 1226
 6239
 9584
 1384
 3530
  866
 3857
 9196
 1508
 9122
 3339
 4669
 8374
 8448
 5395
 5701
  246
 7975
 5518
 8298
 6679
 8061
 1681
  152
 7536
 4328
 1837
 7344
 5689
 6441
 5975
 2742
 6926
 1936
 7914
 6041
 5504
 1077
 5800
  944
 2829
 4088
 3517
 1783
 6677
 7912
 3748
 4179
 2868
 4706
 5243
 2782
 9133
 6581
 5680
 2471
 9407
 3553
  432
 8153
 2060
 1371
 1396
 6078
 5210
 8559
 9720
 7280
 5999
 5633
 3839
 7971
 7192
 3675
 2614
 5075
   52
 6417
  190
 4365
 5362
 2035
 7648
 8523
  615
 2283
 9897
 9959
  575
 1875
 2085
 8991
 2801
 2598
 1974
 8410
 3555
   90
 6939
 3347
  104
 2756
 1373
 9883
   18
 3022
 5440
 4462
 2847
 9135
 7901
 2920
 3454
 1369
 6855
 9500
 3109
 1559
 3761
 5030
 6687
 2245
 4470
 1809
 6945
 5856
 7166
 7691
 8008
 8360
 5244
 5466
 6879
 4035
 2680
 6658
 1279
 4554
 4334
 8780
 5222
 2373
 8489
 6782
 7980
 2528
 9587
 4116
 4587
 7806
 6960
 6402
 6416
 3635
 7751
 8998
 1499
 1259
 2140
 7456
 1283
  502
  236
 9380
 6717
 6807
 2695
  380
 8224
 3704
 8160
 5685
 8525
 8984
 8867
 3063
 7003
 5864
 6238
 4717
 6251
 6051
 4428
 1327
 9209
 9066
 8076
 7900
 2506
 3884
 1561
 3468
  349
 7957
 9247
 4140
  729
 4723
  922
 8009
 1306
 1960
 5534
  127
 3548
 4689
 5625
 5237
 4993
 1080
 7667
 3938
 5986
  534
 8530
 1723
 7005
 2759
 1520
 4233
 6366
 2182
 4040
  312
 3835
 9239
 7460
 8676
 8105
 9403
 1853
 2343
 4642
 3279
 2366
 6765
 9580
 5519
 3750
 3503
 4250
 3915
 9562
 2469
 4754
 4333
 5557
 9390
 4746
 9764
 2213
 3538
 1824
 3188
 8363
 4021
 1629
 2064
 8715
 5676
 8591
  801
  865
  969
 6559
 3259
  493
 7886
 7089
 2271
 7909
 6100
 5801
 7257
 5835
  182
 9252
 4755
 6618
 6263
 6857
 4874
 8803
 8757
 3399
 1133
  318
 5129
 1105
 4972
 1317
   10
 3008
 2896
 3783
 8813
 6157
 2289
 5250
 5719
 7775
  794
 5104
 1370
 5976
 6694
 6104
 1153
 5264
 3882
 7090
 9922
  828
 7874
 3158
 3166
 4750
  389
 5331
 9966
 2420
 6484
 1659
 8346
 2233
 1058
 4913
 3410
 1523
 3382
 4369
 9510
 3222
  130
  350
 4392
 8821
 8931
 6489
 1302
 9886
  206
 7659
 4465
 7277
 2746
 6842
 4615
 5375
 6899
 5084
 4680
 6220
 7110
  480
 9393
 3931
 6009
 9312
 2905
 1448
  216
 2505
 9141
 7094
 9747
 3772
 7724
 7019
 1268
 4282
 1086
 4579
 8660
 3804
 8482
 9294
 9537
 4580
 6179
 7564
 7911
 7815
 3474
  516
 8228
 8381
 7819
 3215
 9946
 2328
 1400
 3122
 4670
 7455
 3547
 6813
 4555
 9430
 2848
 6490
 1966
 8879
 6433
 8485
  694
 7944
 8848
  857
 4468
 4737
 2854
 4589
 9904
 1735
 3893
 3684
 3196
 2349
 2661
 7462
 5459
 7326
 8852
 8702
 1909
 8943
 2127
 2294
  595
 8348
 7986
 3025
 8017
 7842
  874
 9093
 2198
 7173
 2583
 9358
 7743
 1046
 8567
 2370
 1918
 2372
 5846
 6982
 7232
 7899
 8796
 5482
 7568
 7356
 7421
 3328
 6173
 7321
 1540
 4614
 8714
 6546
 3144
 6262
 7729
 9676
 9047
 6913
 9477
 7801
 8504
 7846
 6236
 9942
 8245
 6930
 3541
 1473
 1177
 5909
 5349
 4351
 9820
 8029
 3736
 8604
 3453
 2138
 8670
 8859
 7167
 6455
  883
 5623
 4557
 4876
 7259
 9534
 3909
  196
  871
 1897
 8711
 1374
 1385
 4721
 7083
 9775
 7969
 4182
 2934
 3723
 5305
 6522
 6358
 5273
 8150
 9033
 5409
 8163
 6566
 6623
 1913
 6223
 5573
 9725
 1985
  796
 7778
 8143
 2142
 2500
  447
 4715
 6521
 3223
 9455
 9914
 1791
 2882
 5974
 3245
 4243
 8425
 7461
 2402
 8085
 4380
 5301
 3488
 7121
 6396
 7400
  574
 3247
  847
 4196
 1529
 7864
 8633
 6989
 6062
 2852
 6177
  602
 8512
 5825
 2704
 5699
  227
 7570
 4296
 5729
 3636
 5192
 7322
 5951
 4310
 8125
   73
 5678
 2637
 1526
 5880
 3998
 1392
 6076
 1348
 9868
 5723
 5648
 3698
  999
 8875
 9144
 3272
 2734
 5675
 7908
  685
 6268
 9617
 6026
 7442
 4662
 3253
 8734
 1109
 8781
 9030
 5664
 6817
 9230
 9669
 4704
 4781
 3774
  399
 2239
 2165
 5344
 7876
 1361
 7185
 2596
  786
 9543
 5422
 1338
  309
 1053
 6698
 6526
 4054
 7399
 7284
 9970
 7690
 6217
 6887
 6728
 1593
 4095
 2181
 1711
 6933
 8317
 5897
 2619
 6921
 1864
 2827
 2867
 8956
 4052
 2551
 9475
  488
 8555
 6780
 6643
 1551
  292
 1756
 5763
 6429
 5665
 4604
 7220
  587
  998
 9768
 2303
 4817
 9039
 5233
 8766
  338
 4402
 1935
 2228
 9637
 9106
 4277
 3978
 2550
 9738
 4807
 9792
 6907
 9256
 6723
 6480
 6033
 3797
 8659
 7512
 5513
 8964
 5873
 4324
 8563
 7577
 9145
 8723
 5891
 3810
 6350
 3281
 2646
 3434
  772
 1018
 7390
 4154
 9302
 2363
 4089
 5849
 1168
 3656
 2230
 7328
 4742
 3703
 5247
 4013
 3477
 9308
 4055
 4404
 5783
 5029
  198
 5204
 5627
 3241
 1117
 2885
 9962
 2851
 4422
  755
 9150
  385
 4918
 4061
  612
 8383
 5353
 6230
 7124
 8529
 9522
 6645
 8759
 4688
 8452
 5814
 6626
 2244
 1635
 4567
 5565
 4533
 7240
 6570
 9026
 9924
 6806
 4176
 3513
 8221
  154
 9036
 6053
 2162
  958
 2403
 7733
 5285
 7084
  991
 5915
 5076
 2141
 2400
 4775
 5955
 8329
 5822
 7642
  541
 8620
 6838
 5990
 1354
 2016
 7720
 5579
 9876
 8195
 7762
 5867
 8516
 5910
 8025
 1813
  803
 4007
 6111
 3902
 5735
 9600
 2878
 1262
 4663
 9867
 1932
 6229
 8146
 9015
 6697
 9645
  913
  119
 7141
 7987
 8835
 4610
 7454
 5442
 6632
 6670
 7979
 7673
 7345
 5816
  752
 8667
 9409
 6633
 5417
 5391
 1807
 4538
 4442
 2241
  392
 4789
 5200
 2052
 1938
 3790
 9170
 9894
 1161
 8741
 2512
 2643
 9921
 1628
 2145
 3601
  948
 7681
 3764
  892
 6036
 8908
 8048
 4940
 3217
 9229
  902
 3013
 2580
 5606
 5322
 6923
 1237
 2025
 7098
  742
 4516
 6282
 4783
 8566
 4293
 4478
 8649
 4531
 9426
 5403
 3277
  746
 8127
 7948
 4382
 7862
 3170
 6532
 7608
 8740
 2705
 2816
 4206
 4785
 6140
 6507
 6561
 5607
 1925
 1139
 6460
 4067
 9387
 5630
 5089
 9021
 6837
 6430
 8524
  387
 4675
 7813
 9445
 7717
 7151
 9831
 6962
 3712
 9630
 9496
 8021
 6208
  391
 1434
 2291
 6198
 9996
 7162
  935
 9048
 9013
 3848
 1898
 1991
 3610
 7420
  131
 6851
 1054
 4616
 8897
 2288
 6646
 4394
 7022
 1890
 3368
 5575
 5715
 7630
 7525
 2568
 7820
  668
 5162
 6713
  766
 8443
 1696
 2154
 5052
  643
 1534
 4091
 6528
 1627
 7044
 7822
 4273
 2713
 4915
 9265
  854
 5754
 8799
 8154
 7366
 3349
 6611
  649
 1358
 1703
 2909
 6001
 8312
 7097
 6175
  954
 6139
 9940
 2819
 2134
  303
 8159
 1236
 2798
 2005
 9836
 6209
 4623
  657
 5738
 4041
 3428
 7111
 8611
 3785
 7810
 2187
 5181
 1303
10000
 2666
 7660
 4941
 1258
 2350
 2648
  751
 5857
 1329
  520
 5865
  263
 7583
 5656
 4622
 8341
 4269
 1782
 6112
    6
 9399
 3721
 7457
 5101
 9912
 6289
 2282
 8953
 4651
 2261
 4229
 7371
 4561
 2723
 4752
 8439
 1953
  917
  572
 1542
 2820
 2029
 8479
 9476
 1316
 7209
 9345
 1439
 3266
 2347
 8188
 2791
 4149
 4071
 4118
 2547
  151
 6314
 9100
 1208
 6729
 5479
 9752
 8468
 4695
 3138
 2427
 7511
 1033
 5123
 6800
 2481
 3359
 5136
 4892
 8648
 9941
 6638
 1137
 9350
 3913
 4387
 4845
 2101
 2760
 7438
 3019
 5659
 5495
 4560
 4792
 2390
 9657
 1832
 7853
 3026
 8662
 1049
 9147
  203
 7850
 1119
 5987
 3103
  165
 5427
 1115
 9062
 4279
 7811
 1653
  437
 2627
 2487
 8811
 5460
 1528
 6985
 1234
 5324
 8800
 3936
 6202
 3070
 9324
 5714
 4479
 6720
 1147
 8896
 1311
 5855
  548
 7574
  378
 8527
 7589
 6949
 6659
 3179
 6310
 4764
 7700
 3164
 6382
 2629
 6165
  545
 6361
 1309
 8281
 2308
 4425
 2771
 6695
 6787
 7794
 7386
 1768
 5467
 4624
 5177
 3119
 1618
 7246
  369
 9103
 1741
 6748
 2361
 7723
 5369
 3861
  573
 2578
 3749
   87
 5963
 1806
 2164
 2903
 1908
 1817
 6508
 5143
 4287
 3859
 1216
 9421
 4253
 1583
 2053
 6821
  271
 7127
 8614
 5684
  506
 8749
 7429
 1914
 7746
 2149
 9507
 4317
 8131
  662
   58
  608
 3336
 8361
 4012
 8289
 2212
  681
 6814
 5272
  717
  341
 4302
 1271
 2519
 7528
 8229
 9750
 7785
 1172
 3693
 1664
  498
 3603
 4223
 1554
 3838
 6019
 3934
 7686
 8351
 9563
 5400
 7680
 9714
 8291
 7563
 4559
 4370
 2861
 2657
 4267
 5385
 9929
 6529
 4096
 3900
 9003
 1072
 8730
 7662
 9259
 6145
 9706
 6992
 7184
  978
 3165
 1019
 1215
 3560
 3629
 4558
 1041
 5691
 9723
 9283
 6958
 2407
  375
 8920
 9489
 9615
 9800
 6241
 3225
 8738
 3896
 3248
 6737
 6274
 7560
 4705
 5120
 1405
 9339
 5710
 2534
 4389
 3226
 5869
  401
  474
 2156
 8579
 3054
 8491
 8938
 3979
  372
 9159
 4346
 8737
 4575
 3018
 9668
 5884
 6286
 8739
 7898
 1643
 6348
 4629
 1751
 3301
 6333
  179
 4868
 7946
 5643
 8202
 2764
 2247
  113
 5887
 1601
 2976
 6432
 5850
 5434
 2563
 4203
 2822
 4043
 2725
 6639
 4511
 7486
 7628
 6538
 7350
 7267
 2775
 4162
 8258
 5386
 5472
 6792
 6418
 1904
 3805
 9827
 6769
  265
 5491
 2739
 3322
 1965
 2901
  680
 5588
 9071
 2254
 4130
  531
 2740
 9299
 7331
 4097
 2021
 4816
 3430
 4396
 6422
 8501
 1804
 5954
 9547
 7552
 4353
  701
 7105
 9938
 4979
 3975
 3321
 5179
 9200
 3363
 7877
 8345
 8958
 7709
 4931
  684
 3370
  926
 9643
  513
  370
 9115
  424
   43
 8521
 9860
  403
 3793
 2754
 3061
  477
 1462
 9874
 5188
 8082
 6681
 8286
 2701
 4640
 8646
 2544
   80
 7968
 9438
  357
 5366
 4633
 2626
 1955
 8398
 4756
 3817
 5483
 4988
 1407
 2573
 2312
 2530
 9878
 8724
 8193
 2516
 1219
 4307
  980
 5415
 5198
 4407
 9715
 8487
 9812
 1989
 6032
 6205
 6616
   21
 8164
 4207
 9569
 3027
  581
  660
 6250
 1192
 5839
 6493
 3280
 1957
 1622
 3298
 1414
 8309
 6818
 5992
 2649
 4849
 5094
 7487
 9932
 6788
 9386
 6972
 7689
 2411
 5751
 4942
 3700
 1339
 9628
 4790
 4605
 3496
 3717
 4795
 9424
 5545
 8762
 5503
 9690
 8175
 6893
  591
 3079
 2603
  882
 4878
 8971
 1187
   45
 4036
 7354
  629
 3752
 3150
 3043
 7278
 8645
 5074
 2218
 6481
 9574
 7620
 5169
 3403
 9832
    2
 6530
 6627
 6648
 2204
  767
 4134
  674
 7796
 5899
 9158
 2503
 9338
  184
  512
 5928
 1544
 6035
 7817
 6716
 6362
  656
 3506
 8145
 9701
 6724
 8806
 8362
 8054
 1579
 4127
 1787
 3155
 5501
 7750
 1694
 2073
  419
 5502
 4934
 1083
 5764
 3947
 8941
 2960
 9943
 6443
 3654
 9660
 2945
 3607
 1654
 8201
 3206
  971
 4950
 3767
  596
 1458
 1123
 3436
 7427
 3093
 9104
 4432
 1922
 5088
 9686
  990
 9108
 5838
 8706
 3886
 7524
 8962
 6810
 4759
 5977
 3569
 2831
 3535
 1900
 8213
 2842
 7705
 5271
 8653
 4158
 8166
 5014
 1665
  383
 5044
 8544
 2811
 2189
 2251
 7666
 5049
 2330
 3740
 4572
 4962
 7860
 2526
 6377
 1769
 8173
 8107
 4595
 2396
 1642
 1050
 1417
 4938
 1069
 4832
 8585
 9461
 4698
 2155
 1765
 1584
 9934
  626
 8849
 4260
 8819
 3972
 7858
 4315
 8490
 1403
 8872
 1227
 1121
 4427
  610
 6657
 3729
  112
 8507
 2305
 3486
 6865
 5732
 2990
 6543
 2120
 2987
 8422
 6593
 9844
  471
 8327
 7624
 4548
 9161
  435
 4697
 1857
 8885
 6227
 7517
 7974
 2982
 4607
 9327
 6678
 5613
 7266
  166
 9080
 6850
 4144
 8056
 1848
 7500
 2808
 6983
 1749
 7227
 5658
 1025
 9798
 7064
 4843
 4148
 2875
 7091
  155
 8922
 6772
 3720
 1087
 7522
 1795
 3574
 9739
 8358
 6564
 2592
 6182
 8957
 1750
 2159
 5040
   32
 4373
 6365
 6043
 9414
 2095
 1697
 9439
 4099
 7188
 5342
 9473
 4686
 1131
 6776
 1840
  257
 3531
 7882
 1274
 2123
 1893
 1122
 4947
  294
 6509
 9850
 9513
 7992
 6550
 8296
 4078
 2763
 7408
 4912
 4960
 2571
 4910
   53
  376
 2415
 4358
 7833
 7061
   57
 3910
 4512
 7402
 4360
 1712
 5757
 7463
 4286
 9329
 1939
    4
 8206
 2747
 4578
 1492
 3540
 4485
 1988
 6588
 5396
 1143
 5464
 1199
 2069
 7369
 5112
 3532
 3705
 8403
 1150
 3819
  539
 4971
   35
 8744
 3511
 5406
  342
 1781
 1293
 5256
 5053
 4591
 8933
 2805
 1171
 3867
 1157
 9917
 8535
 1587
 3081
 6300
 9075
 5059
 6843
 5158
 8510
 3390
 1556
 2579
  651
 4283
 1952
 4565
   69
 5364
 5784
 1610
 4729
 9700
 4306
 1239
 3682
 3836
  773
 9901
 2902
 2622
 9413
 2968
 2102
  841
 8576
 9098
 7594
 9648
 2765
 8825
 6812
 6562
 1945
 5697
 9449
 5828
  503
 7250
 5868
 4919
 3624
 5018
 2174
 3157
 4153
 3213
 9220
 8343
 9019
 5550
 8251
 5228
  652
  322
 6954
 2491
 5050
 7571
 5309
 9903
 6804
 1596
 7684
 4618
 2392
 3786
 3647
 8603
 3905
 3661
 9073
 8994
 1051
  323
 1979
 1056
 3377
 7638
 4980
 5260
 9166
 4886
 2158
 3554
 3928
 8556
 2143
  867
 8951
 4135
 3246
 7779
 8787
 7916
 2969
 3113
 5497
 6965
 2414
 8387
 9727
 3329
 8616
 8794
 6136
 4809
 3042
 9022
  122
 3563
 8961
 2209
 6702
 9530
 9625
 9205
 5376
  806
 1510
 8919
 7903
 7058
  177
 6199
 6877
 8231
 6138
 5323
 3106
 5981
 2980
 7966
 6637
  451
 7841
  932
  567
 2113
 4316
 1322
 6726
 8893
 4312
 5756
 6539
 8765
  563
 4456
 8303
 1281
 3879
 6867
 6266
 3094
  984
 2406
 6754
 2524
 8717
 4031
 1958
 1183
 4480
  170
 4975
 6511
 9884
 3348
 9907
 2752
 3028
  514
  238
  750
 4155
 8668
 3754
 5526
 2860
 1539
 9279
 8716
 8396
 4256
 6483
 7263
 5006
 1714
  169
 2911
 7783
 6419
 1623
 6525
 4263
 2772
 9471
 8355
 8165
 2499
 6091
 7470
 3366
 4667
 7029
 7397
 6152
 6727
 7731
 1980
 3709
 5379
 8488
 2804
 7066
 1027
 6841
 5321
 7622
 9680
 9692
 1145
 1874
 2041
 8839
 9745
 9806
 4837
 5410
 8120
 8287
 6997
 3981
 9553
 4576
 3778
 4569
 6675
 7765
 6401
 7880
 1678
 6315
  723
 3237
 1256
 3625
 4803
  490
 1001
  996
 4268
 5696
 3464
 6884
 1452
 2175
  269
 5242
 3537
 7004
 5246
 9797
 9548
 8904
 1801
 4673
 7961
 6704
 4720
  875
 4259
 7934
 2802
 3651
  416
 5817
 7687
 4797
 7368
 6734
 4643
 2179
 9626
  469
 8678
 2514
 7567
 5201
 9639
 5298
 2566
 9674
 6411
 6049
 5755
 9483
 1882
 6584
 2122
  791
 5776
 3162
 8368
 5673
  655
 8628
 1838
 9412
 8552
 9203
 7719
 2894
   99
 3643
 6142
  937
 6191
 1625
  959
 1179
 3787
  530
 2342
 9610
 1546
 7497
 4952
 3100
 2554
 3853
 5827
 1811
 6086
 2394
 9512
 3073
 5682
 1176
 5032
  532
 1446
 1983
 1834
 9613
  482
 8429
 2967
  606
 4225
 3781
 9556
 8828
 4290
 4995
 1108
 9037
 6115
 1475
 4115
 8184
 2606
 1545
 8426
 5037
 6242
 1066
 9408
 2899
 5448
 6711
  853
 3303
 4838
 3504
 2137
 8314
 1615
 3426
  895
    3
 2264
 1895
 9089
 2119
 4357
 3997
 1484
 2180
 2371
  945
 1558
 8050
 9447
 1000
 3660
 5759
 7000
 7385
  371
 6065
 1429
 7348
 6803
 9650
 4976
 1788
  267
 4761
 5108
 2238
 4014
  149
 7237
 3958
  554
 5268
 8293
 7063
 2453
 7698
 2032
 4826
 2173
 4870
 1942
 9005
 8155
 1477
 7619
 8751
 4661
 5505
 3003
 9226
 2671
 6188
 7332
 6866
  839
 4888
 6605
 9973
 5296
 9076
 4823
 8215
   15
 7375
 1424
 5348
 6875
 9323
 1472
 9521
 3734
 1292
 4436
 6135
 7602
 8242
 1241
 4015
 4417
 1511
 1692
 8656
 2597
 8414
  598
 2965
 1398
 2208
 9188
 4917
 6228
 8316
 3129
 9310
 5628
 4421
 5544
 7804
 7513
 3331
 7274
 6017
 6580
 2828
 9119
  146
 3239
 4828
 4763
 4802
 1032
 4069
 5476
 8886
 9911
   36
 1883
 5292
 3383
 4143
 4504
 6601
 8824
 1959
 9555
 7043
 4540
 1432
 7122
 5283
 8615
 2872
 7197
 9177
 5111
 6068
 8022
  627
 3616
  870
  919
 4309
 2609
 7082
 4839
  413
 8625
 7714
 8261
 1299
  780
 5531
 3641
 4551
 2346
 3090
 1288
 9253
 1878
 1971
 5687
  279
 8506
 6858
 9799
 2949
 9313
 4499
 9785
 9332
 5155
 6338
 6540
 9839
  319
 9826
 1389
  525
 6254
 9272
 9132
  397
 5085
 6372
 5420
 2631
 1814
   25
 2783
 7154
 3800
 5592
 3414
 2615
 6966
 4636
 3181
 5183
   98
 2014
  861
 3469
  804
 9028
 8043
 9685
 3432
 5165
 4246
 9069
 7477
 4958
 1246
 5832
 1796
 2685
 2459
 2769
 9245
 6077
  793
  930
 7518
 9460
 1789
  982
 6781
 9740
 3939
 7301
 9515
 5995
 1138
 2378
 5938
 7041
 3970
 6725
 5109
 5737
 1547
  823
 3708
 9405
 9344
 5445
 3921
 7854
 4438
 3493
 4147
 4241
 7062
 5290
 7340
 6520
 7491
 8722
 9742
 3747
 2040
 2084
 9126
 5961
 8986
 9168
 1920
 2974
 5209
  798
 9001
 8843
 5184
  458
 3828
 4692
 1675
 4835
 9167
 7983
  894
 8644
 7644
  132
 5187
 5918
 3550
 9755
 8985
 3240
  193
 9008
 2590
 1772
  307
  946
  335
 9012
 2066
 9778
  790
 4109
 4366
 4855
 1851
  281
 8158
 8185
 3125
 3200
  356
 8227
 6848
 1854
 9468
 1655
 4829
 8246
 3845
 9950
 9651
 2386
 8018
 9285
 5765
  487
 5840
 4702
 8707
 3558
 3153
 5042
 8435
 1382
 9068
 2662
 7507
 1516
 3852
  820
 7053
 4627
 3529
 7925
 3897
 9377
 2087
 6298
 1565
 1667
 5936
 8460
 1070
 8725
 7007
 5257
 2883
 2539
 9187
 5488
 6037
 9659
 9517
 2988
 1377
 2410
 1355
 2540
 7087
 6364
 4854
 1986
 1495
 6097
 3973
 8365
 9004
 3191
 1944
 1194
 1395
 3578
 7230
 9363
  517
 8809
 5883
 9053
 5159
 6641
 1576
 2196
 5114
 5521
  489
 8498
 7114
 5570
 1330
 4895
 9194
 8147
 4694
 6319
 8275
 7843
 7676
  248
 9325
 4424
 5229
 2435
 4305
 8682
 1207
 5254
 4682
 9328
 6444
  666
 1972
 4735
  670
 6114
 3114
 8292
 6267
 8455
 5062
 1676
 7415
 8505
 2989
 8553
  111
 1855
  192
 2126
 8249
 7187
 3077
  208
 7128
 7653
 2956
 6944
 1013
   13
 5541
 6876
 1368
 6431
 7634
 4776
 7203
 5589
 3411
 6692
 2401
 3268
 5424
 9495
  616
 7932
 9105
 2324
 6216
 7744
 1291
  235
 1141
 2215
 5716
 6836
 1193
  434
 5300
 5624
 7542
 6399
  622
 9979
 9779
 8354
 1889
 5845
 6835
 8262
 6407
 7879
 6786
 9169
 5511
 1128
  842
 6839
 3557
 8522
 7459
 7693
 5619
 5278
 3021
 8128
 5612
  241
 6098
 9348
 6689
 7293
 8974
 3784
 3037
 4238
 5908
 8700
 8094
 8253
 4749
  351
 3218
 9398
 7872
 2286
 7859
 6993
 7734
 5749
 5248
 6620
 5447
 9733
 2047
 6988
 6072
  725
 3235
 7529
 7311
 2416
 2183
 9703
 4075
 9264
 3036
 4188
 8880
 4506
 6203
 5556
 6708
 8059
   42
 9994
 1626
 8945
 6373
 6054
 2955
 1747
 4699
 9790
 8111
 5911
 2229
 5972
 1690
 1784
  148
 1485
 7069
 2135
 9986
 6367
 5543
 4553
 1742
  964
 3438
  588
 2083
 3600
 9029
 6368
 6244
  547
 7054
 8337
 5770
 5017
 9295
 4495
 4474
 1221
 6171
 4628
 5553
 5510
 2996
 9541
 5927
 7148
 2621
 2368
  585
 2870
 1586
 4758
 1249
 7445
 1677
 2063
 8240
 8690
 8002
 7439
 6666
 2664
 8543
  972
 7713
 1075
 6759
  386
 3792
 8083
   61
 8141
 9728
 6823
 6706
 1082
 6575
 7443
 4739
 8304
  884
 9375
 9218
 4864
 5310
 8375
  644
 6696
 6427
  529
  590
 9162
  129
 8509
 1609
 1867
 7997
 6795
 7917
  325
 2380
 9233
 1142
   29
 4768
 1760
 7573
 1345
 9974
 9554
 6669
 3064
  247
 9255
 2296
 5542
 3840
  673
 3402
 1489
  183
 7873
 8099
 1839
 9608
 8248
 9948
 9183
 4344
 6617
 9331
 1352
 2074
 4530
  831
 9614
 5618
 4514
  845
 4311
 6473
  496
 8428
 1436
 2255
 4224
 3944
  194
 8514
 7432
 8605
 1390
 6699
 9023
 2925
  144
 2542
 4420
 9695
 4129
 5463
 1220
 5694
 6237
 6224
 2019
  313
 5355
 3118
 1946
 2467
 2272
  914
  204
 6634
 3459
 4271
 5514
 9497
 3307
 7797
 8495
 6247
  402
 2762
 9670
 7572
 3116
 5393
 7972
 3742
 9437
 1663
 9296
 6914
 5808
 7200
 2624
 1026
 7878
 5081
 3686
 1733
 8220
 4999
 9367
 2732
 2914
 6873
 9965
 4342
 2941
 9619
 6612
 4846
 2655
 5893
 6459
 4847
 3827
 2444
 3776
 5499
 6380
 9769
 3733
 8618
 3571
 3151
 5809
 6513
 1298
 1721
 3356
 9882
 6864
 6215
 6317
 3450
 8760
 7299
 2595
 4745
 6336
 3858
 1007
 2116
 4734
 5797
 7679
 1771
 1827
  722
 3292
  124
 6391
 6375
 9010
 3178
 7479
 5220
 3236
 8311
 7657
 6008
 9823
 9594
 9662
 6796
 2710
 4214
 5045
 2274
 8797
 8336
 8572
 1332
 7412
 1611
 2966
 8928
 9504
 8412
 7025
 5994
 5067
 2610
 1745
 1359
 4430
 7241
 2549
 6003
 9482
 1734
 9441
 3341
 9394
 3364
 8257
 7637
 9070
 5853
 9568
 9018
  207
 8010
 3702
 6200
 8432
 6187
 5688
 3868
 8440
 7384
 2520
 9538
 2557
 7940
 9770
 1130
 9315
 2712
 4446
    8
 1705
 2651
 8550
 9864
 2748
 9379
 5861
 2483
 1845
 5574
 1778
 3104
 2351
 6452
 5821
 3967
 6476
 9474
 6942
 3719
 6400
 2817
 5313
 3448
  739
 7190
 8187
 3083
  466
 4727
 6832
 5426
 2124
 7298
 2667
 1671
 6661
 2630
  851
 3570
 4330
 1170
 9165
 9401
 6732
 2161
 2755
 8515
 3906
 3406
 4466
 8036
  679
 9152
 8290
 1493
 7052
 8091
 9546
 8464
  880
 1342
 4951
 4222
  245
 9991
 4753
 7869
 7699
 4433
 5047
 3577
 5863
 5943
 3203
 6597
 2281
 5095
  485
 8704
 3463
 3549
 7830
 9490
 4025
 2253
 2650
 1021
 6273
 7523
 8863
 6324
 2521
 5983
 2199
 2397
 3408
 9284
 3715
 6326
 1823
  373
  860
 2456
 5236
 4184
 5489
   96
 7956
 2999
   71
 9632
 8909
 8481
 8271
 3751
  646
  347
 7231
 9250
 1937
 8586
 1488
 3812
  239
 7614
 1754
 4800
 3385
 1381
 3633
 6660
 6255
 9596
 2098
 2839
 4814
 5258
 2997
 5736
  220
 3232
 5683
 5005
 8340
 1160
 5425
 5480
 3243
 8469
 9181
 7526
 6886
 7894
 7553
 5154
 6948
 3174
 2071
 2335
 9110
 6824
 9249
  909
 9002
 1636
 2602
 6762
 1312
 8619
 7382
 3180
 8302
 3130
 5614
 2065
  201
 3917
 1515
 2700
 6257
 2838
 9097
 6770
 2004
  121
 4264
 4119
 3487
  228
 2714
 1739
 3885
 8621
 3591
 4914
 2510
 8903
 4722
 1903
 3473
 9208
 7823
 6357
 6828
 7870
 2790
 3041
 7323
 7452
 5907
 8708
 3617
 4083
 6148
 1792
 3263
 6512
 2933
 9112
 6498
  760
 4731
 3419
  951
 3877
 9821
 7363
 8788
 9024
 4519
 1404
 3007
 3296
 8149
 5388
 5001
 2008
 3728
 1095
  916
 9235
 7800
 2013
 8626
 6048
 5105
 7437
 6682
 3431
 8181
 4848
 5439
 7664
 6901
 7988
 4933
  638
 3386
 8283
 4372
 3533
 5896
 5646
 8176
 1594
 7625
 9822
 1880
 7741
 8827
 6128
 9678
 9148
 4121
 7447
 6075
 6322
 2011
  764
 3101
 7838
 6709
 5586
 7288
 1364
 4925
 4385
 2227
 2665
 7051
 6805
 6412
 7262
 7276
 6276
 2048
 6908
 5919
 7101
  604
 6642
 9288
 9834
 7654
 1743
 3355
 9873
 6619
 4683
 1984
 7253
 8058
 1427
 1023
 3132
  400
 8713
 9612
 3837
 5306
 2594
 6168
 2577
 9151
 4581
 3898
 9805
 7172
  721
 4924
 3470
 2447
 3916
 7238
 4965
 2803
 9171
  185
 3956
 6243
 6435
 7080
 3066
 1148
 3460
 9766
 2170
 4000
 1412
 9528
 3735
 7600
 6802
 4452
  441
 5957
  667
 6161
 7494
 1683
 9418
 7756
 3763
 2133
 6302
 9293
 7777
 5525
 7848
 1097
 6079
 8754
 1366
 6301
 7496
 8378
 8531
 3095
 8878
 7610
 4668
 9217
 5414
 5397
  669
 6644
 9872
 8973
 9773
  802
 8117
 7547
 8996
 4475
 8335
 5892
 5953
 8593
 7856
  601
 5921
 2321
 8677
  423
 2068
 7742
 2511
 2466
 8596
 1266
 9980
 8947
 5980
 5615
 4379
 4254
 7142
 3264
 1916
 9952
 8172
 7947
 1057
 9210
 3072
 3799
 4973
 8323
 5125
 6123
 6951
 5566
 6486
 3286
 8689
 8384
 7020
 6592
 7646
 7868
  908
 1907
 2152
 5996
 8466
 7228
 1107
 4617
 2450
 4011
 7113
 9526
 2117
 2293
  133
 1844
  862
 4773
 8442
  406
  911
 7208
 4987
  334
 8318
  562
 2884
  251
 4029
 7726
 6174
 1102
 8729
 7501
 8719
 6545
 8888
 3131
 4352
 4062
  956
 6420
 8686
 6595
 8652
 3501
 1042
 4156
 7376
 4252
 9732
 2322
 6143
 4192
 7593
 3613
 1831
 3316
 5100
 2959
 9863
 8847
 1460
 9275
 4230
  776
 4869
 4327
 1438
 8142
 1357
 1810
 8110
  939
 2028
 2917
 2391
 4497
 6791
   38
 9061
 1503
 1624
   91
  293
 6869
 8300
 9627
 5048
  120
 4736
 4321
 4226
 3163
 8736
 8052
 2062
 2331
  161
 3192
 9999
 3194
 7509
 7404
 1773
 6710
 3092
 6671
 9078
  448
 9875
 5382
 9954
 7285
 2022
 2961
  592
 1280
 5605
 8070
 8424
 8477
 4108
 1794
 7117
 1961
 8681
 4484
 2258
 1038
 4490
 7075
 8634
 5535
 2473
 5122
 4946
 6240
 7310
 4928
 4518
 4244
 1397
  404
 6439
 7935
 9067
 8629
 5381
 3415
 3615
 5226
 8785
 6118
 3002
 4304
   23
 1314
 1506
 2720
 3261
 4836
 8891
 2192
 5506
 2636
 1776
 9289
 3345
 3949
 7471
  382
 2873
 6978
 9661
 4459
 6482
 6231
  726
 7890
 6579
 1987
 3626
 8445
 5317
 8243
 2200
  705
  985
 1009
 6941
 4278
 1469
 5356
 4205
 6622
 6253
 6296
 6269
 1091
 8968
 7576
 8430
 8528
 5428
 4597
 4655
 8590
 1011
 4173
  817
  658
 7831
 4258
 5965
 2880
 6779
 6392
 7106
 1613
 6448
 5944
 3573
 5536
 5438
 2186
 3977
 6506
  412
 8320
 3365
 5333
 4780
 2849
 7217
 1005
 3244
 2337
 2913
 5132
 3901
 3580
 6655
 4105
 7745
 1868
 1289
 5336
 9173
   55
 3622
 4825
 2309
 5163
 2599
 8064
 7068
 6170
  745
 6022
 8086
 1595
 9278
 8330
 8887
 8732
 7351
 6798
 6453
 6967
  553
  501
 8718
 5431
 9032
 4439
 2501
 7304
 3807
  135
 1031
 7016
 5967
 3589
 7990
 7283
 3559
 1997
  597
  102
 9478
 4107
 9969
 7115
 1094
 8841
 4738
 1915
 7017
 4251
 2806
  921
 1582
 4285
 4082
 1720
 6192
 7048
 8167
 5160
 7945
 9583
 1689
 3667
 7506
 4964
 3842
  310
 3985
 5590
 2684
 8028
 2092
 8929
 4786
 5418
 2045
 6874
  754
 4898
 9356
  301
 9788
 3012
 1275
 5211
 8139
 6598
 1732
 9960
 9330
 1634
 2843
 9956
 7892
 4010
 3168
 7855
 9176
  631
 2277
 3186
 6047
 2307
 9087
 2983
 5834
 5792
 3175
 5263
 4440
 6932
 6308
 9509
 6881
 1238
 9113
  653
 5334
 1691
 9516
  429
 9251
 8402
 7183
  582
 4159
 3137
  176
 2992
 5399
 2799
 5352
 2477
 9385
 3338
 9759
 4204
 2144
 2926
  141
 8575
 5837
 8860
 7206
 4818
 6552
 2940
 6900
 1764
 3499
  255
  920
 9479
 2006
 2207
 7367
 8549
 2023
 2089
 4684
 8406
 4539
 6281
 6211
 2561
 9990
 7078
 7269
 4859
 5720
 2777
 8966
 2280
 7242
  605
 4437
 2673
 7834
 2879
 2707
 8608
 9384
  709
 6169
  637
  769
 7047
 3914
 6234
 8456
 1518
 7419
 3231
 8074
 5282
 8983
 8767
 7333
  825
 9624
 2918
 7401
  859
 7191
 9020
 2432
 6809
 3688
 6463
 3912
 5798
 6030
 2020
 8906
 4076
 1185
 5703
 3149
 5652
 7074
 4600
 7533
 1713
  703
 8178
 8881
 1736
 4620
 9697
 6131
 4209
  390
 1606
 6379
  396
 1093
 6415
 5956
  633
 8978
 3611
 1863
 6674
 7603
 8580
 5470
 6707
 6751
 6572
 7665
 8015
 2304
  688
 6219
 2582
 3922
 3388
 4534
  600
 3755
 4685
 2970
 3872
 1248
 7808
 6313
 9652
 3284
 1607
 4364
 8685
 7852
 1927
 5038
 4922
 9634
 2730
 7949
  556
 6516
 9436
 4213
 7313
 9988
 6395
 4220
 8272
 5430
 4378
 2672
 3843
 5532
 2634
 3375
 2558
 1928
 3699
 4765
 8465
 4345
 9848
 3803
 8024
 1012
 9342
 8955
 4297
 9195
 9462
 3216
 5026
 2367
 1386
 2311
 5578
 2341
 1563
 1990
 6590
 6421
 3378
 6011
 5121
 3483
 3995
 6621
 8493
 4126
 2243
 2830
 3941
 7392
 7936
 2953
 9465
 5023
 5640
 4647
 9879
 9756
 3190
 4592
 2737
 7613
 8140
 4359
 8352
 8124
 8776
 6014
 5288
 5875
 9006
 8631
 4295
 6464
 9116
 6549
 6861
 2538
  818
 4788
 5552
 3033
  950
 4568
 2717
 8595
 7171
 5070
  740
 1887
 8217
 8012
 2433
 9081
 1132
 4201
 4966
 5781
 8597
 4701
 1118
 3791
 3123
 8038
 7818
 6320
 5384
 4005
 5239
  336
 9011
 7189
 5046
 4520
 6369
 5724
 2584
 9201
 1084
  846
 1896
 2736
 2986
 6066
 2362
 9388
 2169
 6147
 2285
 3491
 6012
 8216
 4471
 5890
 7977
 5234
 3919
 4503
 7805
 2887
 6604
 1024
 7086
  641
  942
  623
 5522
 7674
 8065
 1790
 9236
 8328
 4543
 6991
 8944
 5740
 9287
 3983
 6270
 7374
  552
 1003
 3951
 4811
 6891
 2858
  411
   64
 5361
 9689
  106
 5326
 9359
 8602
 4032
 8833
 1203
 6673
 4598
 2171
  970
 9825
 6952
 9431
 3628
 7353
 3706
 1445
 3500
 2975
 3581
 6385
 5130
 8483
 2693
 4613
 5402
 5496
 6437
 1247
 8836
 9357
 9467
 5098
 8810
 6154
 1860
 7112
 9540
 9469
 3856
 5593
 7991
 7754
  704
 5124
 6500
 2007
 3665
 9395
 8473
 6184
 5441
 8936
  843
 5651
 5608
 7346
  759
 9841
 8369
 5645
 4354
 8023
 4857
 3520
  719
 7102
 7480
 4217
 2532
 4249
 9551
 1467
 1963
 8675
 4338
 7327
 1466
 8239
 9677
  537
 7656
 5636
 7510
 9647
 9514
 6370
 9017
 2856
  163
  232
 8438
  707
 7010
 4059
 5960
 4284
 8613
 3777
 2479
 6935
 6608
  492
 9741
 5041
 1841
 2553
 3404
 7718
 7161
 5559
 1399
 3662
 4450
 7787
 6056
 1447
 8256
 7295
 3727
 6502
 1461
 7147
 7140
 7292
 1710
 8768
 9557
 5102
 4178
  665
 9163
 3400
 3716
 9425
 4608
 5318
 5782
 5145
 9292
 2931
  388
 3209
 8322
 5780
 1423
 1004
 5902
 6950
 7995
 4594
 7469
  677
   22
 4081
 1151
 6574
 7896
 7464
 8399
 2535
 3440
 5390
 3999
 2423
 3638
 6496
 9748
 2300
 6206
 7178
 9406
 6497
 5131
 8388
 7008
 3142
 3494
 5779
 2184
 2302
 4510
 7379
  230
 8758
 2150
 8380
  275
 7581
 8726
  594
 8106
 9997
 1210
 4943
 8444
 3361
 3074
 5378
  960
 9880
  568
 6059
 1055
 4170
 8733
 3435
  472
 9944
 6080
 7938
 7782
 2679
 5346
 7752
 4197
 1278
 5351
 2484
  218
 9705
 1402
 1592
  461
  737
 2263
 1755
 6426
   51
 5218
  675
 1722
 4719
 9160
 7847
 4390
 2419
 9813
 2533
 4526
 3352
 6232
 7308
 3746
 1793
 8727
 1152
 6924
 9451
 4181
 7139
 8661
 7921
 1217
 2715
 5147
 1572
 1313
 9149
 6996
 3185
 3207
 2096
 1780
 5580
 1648
 7108
 9683
 3582
 4172
 8446
 3769
 2377
 2178
 1146
 4853
 8347
 5599
 6829
 9666
 3059
 8927
  475
 4191
 3344
 6340
  535
 8366
 7416
 2922
 8276
 9118
 5906
 7164
 9817
 2692
  136
 4880
 2498
 1245
 9448
 4034
  876
 8750
 4929
 3159
 3920
 5872
 5493
 8356
   85
 6359
 7798
 3850
 7951
 6248
 2773
 3707
 5641
 1533
 9777
  168
 6006
 4678
 3014
 2354
 9458
 9074
  733
 6947
 8454
 3642
 9760
 5596
 4142
 2793
 8954
 3409
 2438
 2445
  973
 8264
 4408
 7448
 4889
 7260
 1668
 6730
 2398
 1698
 3306
 5900
 9611
 5882
 8693
 4042
 6492
 9737
 7251
 4521
   28
  593
 2912
 5985
 7540
 2809
 1992
 4017
 5110
 8856
 5332
 8500
 2470
 2496
 7531
 4585
  953
 6221
 8917
 3250
 4574
  481
 1644
 4093
 4098
 5063
 9016
 6293
 6021
  781
 8326
 7827
 1707
 4349
 2452
 4169
  317
  992
 8854
 3062
 6740
 3401
 6277
 4429
 1002
 2731
 9855
 3606
 3753
 9691
 2046
 6082
 8763
 8121
 7168
 3597
 1517
 8259
 9721
 7424
 6912
  965
 6494
 6345
 4672
 5742
  363
 4524
 3855
 4637
 7030
 4401
 3592
 7245
 5311
 2223
 5988
 5377
 9796
 1006
 5829
 5315
 7236
 6284
 8594
 4570
 1833
 5932
 3330
 3446
 9591
 5941
 4489
 4175
 6846
 4939
 7337
 6344
 5794
 7671
 4674
 2082
 9111
 4022
 3663
 4658
 8071
 5600
 6889
 8975
 6249
 4770
 6468
 7222
 8948
 6328
 3510
 1717
 2562
 1846
 8548
 8562
 6917
 1062
 7599
 4711
 1388
 7229
 5582
 6386
 8057
 2412
 8695
 1443
 2108
 7357
 2846
 7072
 6761
 4193
 6290
 5180
 3608
 1186
 8334
 2608
 1052
 9360
 6335
 3210
 4984
 3743
 5212
 3544
 7149
 6905
 2721
 1699
  599
   49
 8557
 9746
 4657
 9977
 3176
 9051
 9369
 1614
 9795
 1394
 7466
 7626
 2221
 5937
 4398
 6596
 4509
 8026
  278
 2275
 7706
 8778
 7355
 3397
 2691
 8952
 3516
 3335
 8168
  735
 5581
 1996
 9702
 9057
 6535
 8900
 7721
 6355
 1387
 1498
 8731
 7871
 7495
 9684
 4138
 9620
 6106
 8786
 1950
 4991
 8307
 8565
 8006
 1230
 3154
 1456
 5337
 1040
 7336
 3293
 7835
 3873
 3443
 4227
 3883
 5398
  968
 2176
 4906
 9346
 7370
 2111
 8902
  771
 6519
 5429
 3271
 5215
 1136
 5752
 3899
 5024
 3413
 3091
 5979
 5712
 7764
 5529
 8643
 9567
 9237
 6454
 4235
 6099
 7211
 5677
 9992
 4301
 7100
 6515
 3759
 3029
 5843
 7272
 4989
  736
 3523
  805
 5207
 9595
 3739
 8804
 1656
 2840
 9374
 3398
 5791
 3585
 9182
 5259
 5411
 8274
 9529
 5127
 2295
 6259
 4769
 7618
  123
  774
 8344
  330
 3895
 9263
 2493
 1367
 9606
 8970
 6746
 2202
 3274
 9688
 5370
 5727
 9916
 9038
 7013
 6046
  394
 7212
 9206
 8988
 1815
 9444
 9127
 8573
 7485
 3796
  524
 2482
 4343
 7286
 9494
 8577
 5713
 1836
  645
 1294
 7786
 6474
  929
 6287
 4211
 4998
 4356
 9699
 2951
 9582
 3052
 7388
  819
 5484
 6856
 8238
 8305
 4549
 3117
 7026
 5338
 7130
 4274
 1459
 6074
 6871
   26
 7926
 4125
 6212
 7836
 6083
 6573
 8777
 2038
 2950
  463
 4930
 7489
 8046
 3932
  222
 1334
 1453
 4522
 1633
 4634
 7548
 1604
 3098
 9351
 9058
 7981
 3612
 8540
 3051
 7441
 6102
 7394
 7476
 6000
 1100
 4603
 9452
 7156
 1919
 3412
 3741
 3984
  200
 5554
 7207
 2722
 7919
 7473
  955
 2252
 1682
 6793
 1706
 6863
 6283
 4831
 1333
 3890
  515
 7788
 9137
 2326
 9835
 1104
 2781
 4231
 2191
 4339
 8115
 6275
 5002
  191
  321
 6156
  557
 6050
 3957
 4588
 4006
 3102
 1821
 9601
 9442
 4766
 1320
 7478
 5133
 9109
 1500
 7144
 4782
 3429
 3238
 8098
 9434
 7153
  711
 2418
 8635
  540
 6955
 7296
 9491
 8907
 9802
 2216
  887
 5650
 7143
 5634
 6969
 8687
 4834
 1155
 9909
 6981
 7556
 8104
 8876
 1074
 5877
 4103
 6731
 7920
  664
 6149
  518
 7175
 5412
 6387
 3689
 7275
 8379
 7302
 3017
 8078
   78
 6469
 1847
 3818
 6166
 7170
 1637
 1619
 4133
  174
 3350
 8182
 3696
 3374
 4423
 3425
 2080
 7258
 2405
 3233
 7287
 7615
 3546
 9040
 5595
 1640
 6587
 9828
 7616
 1300
 9459
 9544
  231
 8683
 3971
 4954
 2262
   20
 4978
 1740
  676
 3822
 7059
  901
 6025
  758
 7361
 7695
 4084
 8995
 8020
 9274
  577
 2675
 4563
 2939
 8589
 6607
 3954
  923
 7378
 5631
  691
 1679
 1277
 4863
 5885
  237
  797
 7303
 8310
 3942
 2424
 8679
 7434
 9846
 8463
 1574
 5000
 4467
  446
  988
  276
 2497
 7077
 4824
 6693
 8561
 5092
 1112
 7910
 1725
 5471
  561
 7933
 6667
 4086
 7712
 4907
 9655
 2853
 1440
 3526
 6819
 8471
 6479
 6095
 5031
  172
 6316
 5071
 3637
 6321
 8665
 6297
 7377
 3955
 2778
 4498
 3596
  748
 4606
 2812
 2077
 6527
   65
   19
 7426
 3668
 4881
  164
 2441
 1276
 4160
 4850
 2070
 4056
 5823
  538
  233
 6896
 4219
 3666
 9446
 7889
 8950
  126
 5232
 1154
 3308
 8564
 6735
 5454
 2269
 3371
  613
   67
   31
 9717
 2623
 9644
 6306
 3407
 7732
 2786
 5922
 9319
 2107
 1569
 7812
 1014
 8558
 6183
 5401
 3088
 5662
  931
 1020
 4426
 6764
 3139
 2430
 3127
 7964
 2056
 3929
 4985
  710
 9814
 2527
  495
 3342
   34
 3087
 6081
 9527
 9524
 2211
 2010
 8190
 4777
 2389
 1297
 6904
 6271
 3152
 1816
 9258
 3904
 9923
 5959
 2658
 5413
 6351
  226
 9505
 8910
 5905
 1901
  511
 1873
 1340
 6042
 1536
 5223
 8119
 6134
 2443
 6398
 2564
 2129
 2738
 8583
 4894
 1708
 9260
 4693
 7639
 2525
 9525
 8034
 9531
 6343
 4676
 9134
 9215
 8842
 6647
 1603
 5387
 4255
 1746
 9463
   75
 3891
 1829
 6063
 1608
 8226
 1433
 2543
 2240
 9189
 2892
 7661
 4065
 1285
 6980
 2376
 2681
 3669
 9523
 6994
 7551
 3963
  546
 7711
 2031
  743
 1454
 6356
  282
 9050
 4875
 8315
 3337
 3676
 3198
 6487
 8771
 6718
 3312
 6656
 6928
 7702
 3871
 4447
 3475
 5812
  449
 7559
 2508
 3974
 2863
 9223
 3687
 1296
 5815
 3561
 8183
  716
 2338
 5383
 9309
 8699
 3219
 8607
 1779
  258
 8640
 5117
 4166
 9492
   60
 4325
  320
 4793
 9937
 3512
 3376
 7826
 7641
 2900
 2888
 9772
 5206
 2669
 3105
 7770
  270
 5106
 4092
 9410
 2617
  663
 7049
 6918
 7590
  140
  266
 4536
 9918
 8067
 3677
 6007
 9696
  186
 1910
 8404
 7334
 3880
 9854
 3080
 8912
 5446
 1825
 3318
 1213
 9572
 5316
 5224
 7963
 6457
  899
  551
 3768
 6470
  398
 7875
 4355
  243
 3327
 6374
 3586
 6927
 8830
 2638
 8299
 2273
 3672
 5739
 6124
 6852
 6034
 5193
 8416
 2475
 1240
 9840
 4137
 8617
 7789
 9107
 3254
 2874
  508
  374
 7201
 5604
 9629
  521
 3134
 5330
 5269
 7527
 3648
 8992
 9498
 3521
 9713
 8219
 3552
 2454
 9488
 2329
 5231
 8411
   82
 8855
  936
 4687
 8793
 3141
 4641
 3204
 7093
 1464
 2383
 3124
 1196
 8393
 8647
 1250
 2522
 8319
 1225
 8032
 5728
 1120
 7160
 6101
 7761
 7233
 1581
 6582
 5252
 3096
 2429
 4322
 8497
 4377
 5527
 4827
 1263
 2743
 9589
 3420
 9801
 7578
 2094
 1267
 8112
 1899
 5925
 1243
 2379
 9519
 3319
 2340
 1905
  824
 7129
 6898
 7828
 9139
 5657
 1964
 5373
 8208
    9
 2735
 8868
 8790
 5690
 6505
 5692
  850
 3993
 7747
 8003
 9780
  298
  417
 3820
 1457
 8371
  869
 9833
 1670
  464
 3032
 5490
 7516
 3269
 3878
 8870
 5524
 8939
 9174
 5973
  566
 9435
 1269
 6925
 1830
 2190
  439
 3502
 2259
 1349
 2774
 6885
 6390
 4865
 6334
  834
 8267
  963
 8282
 9793
 1948
 2399
 7318
 8331
 5746
 9197
 4381
 1111
  910
 1842
 4348
 8053
 1159
   95
 7036
 6467
 5060
  100
 1818
 3187
 5778
 1321
 4151
 5733
 5270
   77
 4472
 8436
 6557
 2585
 5989
 5933
 3834
 3738
 6600
 6349
 5034
 1674
 9888
 6388
 8578
 5745
  941
 8080
 7254
 9212
 7248
  528
 9088
 3514
 2998
 4977
 6636
 1673
 8845
 1672
 6261
 3507
 2928
  284
 4368
 8898
 2268
 3148
 2523
 8135
 2382
 1144
 2118
 7096
 7503
 5339
 1435
  706
 1078
 5453
 8812
 6741
 6434
 1808
  261
 2256
 9000
 6568
 2492
 1478
 9400
 7930
 7070
 2448
 3644
 1465
 8138
 8761
  708
 5010
 8889
 7735
 6442
 8376
 5585
 3948
   33
 7060
  693
 5151
 4004
 2348
 9947
 1181
 1800
 5058
 8838
 8453
  558
 7587
 9063
 4820
 9190
 4457
 1167
 9920
 5704
  444
 2320
 1039
 5146
  421
  879
 4391
 3795
 9433
 2616
 5948
 2770
 9472
 2480
 5262
 9419
  808
 5153
 6822
 3169
 8769
  362
 3120
 1310
 6721
 1956
 9961
 4023
 1201
 6153
 4114
 4842
 5196
  625
 4362
 2633
  713
 1188
 4808
 4494
 5517
 2776
 2923
 6733
 7792
 8122
 6915
 2536
 5617
 1455
 7076
 9362
 8324
 7635
 6162
 1995
 7157
 9565
 8480
  628
 2248
 6096
  479
 6466
 4280
 8342
 5202
  299
  219
  852
 7623
 6394
 2935
 9915
 1430
 9333
 1422
 2924
 7423
 4908
 4335
 9423
 5638
 9366
 7755
 1362
 8784
 3309
  837
 1022
 3756
 5917
  903
 4375
  863
 5087
 4584
  468
 9945
  295
 7952
 2177
 2388
 1479
 2745
 9679
 1693
 3779
 4681
 2097
 7396
 8333
 9364
 2833
 7389
 9307
 7697
 1943
 4923
 7136
 5141
 6599
 6501
 1798
 6739
 7027
 8536
 3287
 6576
 1254
 2440
 6070
 1802
  250
 3875
 9242
 1211
 9566
 6771
  822
 5966
 6664
 1870
 2946
 5036
 1242
 7809
 9667
  835
  940
 8494
 9804
 7018
 7793
 5654
 6294
 4242
 9099
  659
 2125
 8932
 9870
 3053
 8518
 5093
 1418
 1471
 2185
 3588
 3830
 6986
 3946
 8235
 3252
 9618
  695
 7498
 1770
 9963
 6968
 6785
 2921
 2426
 9420
 3427
 1631
 3732
 4435
 7221
 9457
  687
 3282
 6755
  702
 5924
 5314
 1290
 8295
 9335
 8194
 9852
 1232
 4590
 6378
 1894
 9751
 5013
  712
 9939
 6920
 5947
 9267
 2559
 9086
 3556
 2642
 7152
 7219
   74
 3801
 5632
 1555
 6061
 7504
 7289
 2898
 2504
 7256
 8937
 3924
 7652
 2327
 4406
 4318
 4167
 2930
 9902
 9352
 4586
 3437
 7255
 3126
 6963
 5433
 2810
 1036
 5051
 3925
 7592
 7759
 4967
  671
 2000
  584
 9575
  331
 6853
 3424
 3283
 5841
 1570
 7537
 2310
 5528
 6715
  661
 6160
 7155
 1351
 4080
 3136
 8980
  634
 3278
 8987
 5912
 9889
 4546
 7863
 2761
 1428
 7580
  297
 4961
 3384
  408
 2750
 9718
 1378
 7300
 9877
 9646
 5858
 2741
 1067
 6825
 8108
 3276
 4927
 1590
 2266
  933
 9204
 8795
 5971
 8669
 6023
 2325
 6840
 9709
 7627
 3044
 7031
 4638
 7196
 7492
 7861
 5419
 9975
 2078
  994
 5914
 9862
 7929
 3423
 8472
 8894
 3964
 2938
 9558
 2478
  109
 4455
 6280
 7978
  962
 4464
 8709
 3940
 5458
 3961
 6428
 2393
 2751
 8864
 7703
 2494
 1129
 7973
  690
 7999
 5287
 8791
 8630
 5810
 4945
  302
 5307
 4708
 4502
 2632
 3599
 4208
 4168
 9443
 5700
 5818
 7483
 7338
 8850
 2513
 9365
 3290
 8624
  426
 7682
 4523
 1073
  967
  753
 1761
 6318
  896
 3369
 9898
 8415
 9238
 2404
 1684
  260
 2788
 5012
 2446
 2792
 8721
 5668
  639
  635
 3478
 6354
 7790
 4120
 3084
  640
 9370
 9900
 4441
 2002
 1483
 1929
 4331
 2699
 2260
 9726
 7784
 3046
 7591
  252
 7569
 6778
 3518
 8044
 3816
 6465
 9603
 9987
 9334
 3671
 3265
 5706
 5594
 9736
 2058
 6537
  125
 1786
 8241
 4444
 4740
 1085
 3691
 1169
 2436
 2099
 3860
 9599
 4981
 2375
 8247
 2589
 7176
 4165
 6808
  900
 7088
 9859
  316
 6756
 9858
 8113
 1173
 8884
 3536
 9511
 6531
 3692
 1125
 5790
 1502
 9656
 7837
 1531
 5267
 7757
 7994
 3788
 5061
 5824
 8861
  465
 8965
 8180
 7776
 6578
 9861
 8639
 1264
 9213
  311
 3927
 9138
 4493
 7814
  452
 9906
 3968
 3918
 9571
  784
 8449
  579
 7244
 3718
 5587
 9641
 2313
 3937
 9227
 9164
 6438
 1048
 4887
 2957
 7595
 8260
 2250
 4771
 9318
 8431
 1223
 6353
 2104
 3060
 6018
 9809
 1869
 3197
 7885
 2904
 8960
 7103
 5848
 7335
 4496
 5043
  617
 5881
 8116
 7145
 9681
 6973
 8102
 4902
 2826
 8313
 6743
 5750
 7647
 7011
 4948
  891
 5584
 3851
 1512
 5602
 2834
 7012
 6547
 1849
 1620
 3255
 7046
 5408
 2413
 9762
 9101
 2645
 5405
 7488
 7281
 5019
 9192
 7418
 9887
  747
 7134
 7640
 2977
 8279
 2148
 9326
 1494
 6703
 5753
  815
 1730
 7472
 2517
 3334
 5277
 1591
 8263
 9919
 5968
 8698
 5563
 8808
 9535
 4992
 6105
 3323
 5357
 5205
 4545
 1906
  116
 4858
 9397
 2130
 7307
  486
 2003
 1580
 8236
 8353
 2688
 7218
 8084
 7549
 8051
 9337
 7330
 5962
  738
 4482
 2588
 5128
 5591
 4956
 8390
 3632
  730
  428
 4336
 5091
 9175
 5142
 9503
 1775
 3015
 1917
 9935
 1337
 6352
 3621
 3815
  410
 2049
 8250
 9240
 4542
  607
 4237
 6533
 8413
 8650
 1319
 9014
  586
 6752
 3587
 3251
 4393
 3346
  918
 2683
 2036
 5769
 1408
 6029
 8033
  700
 2979
 4630
 2428
 4896
 8547
 6137
  744
 6844
 9368
 3224
 5571
 9786
 9254
 8174
 2455
 5097
  555
 3525
 6116
  620
 9810
  957
 3966
  405
 1621
 2460
 7499
  812
 7902
 8156
 7202
 2906
 7985
 5805
 5055
 9605
   14
  589
 7373
 8458
 4124
 9084
 8883
 5879
 6133
 9905
 2395
 9570
 3193
 3089
 6859
 5450
 5549
 5487
 4070
 7320
 5350
 9320
 3267
 7582
 2360
  898
 6456
 9731
 6197
 8663
  157
 3903
 2668
  328
 6039
 6397
 2545
 6015
 4724
 6990
 1892
 4047
 3065
 2090
 6084
 5078
 6447
 6870
 5709
 7482
 4953
 6325
 6094
 7598
 7740
 3960
 5920
 2201
 3479
 5003
   17
 4804
 2012
  326
 4397
 9984
 2586
 7727
 5144
 5785
 4501
 1090
 8844
 8079
  455
 1286
 3484
  833
 7802
 2044
 8118
 5219
 3047
  885
 5077
 4564
 6425
 8826
 4101
 5235
 6172
 6742
 8851
   70
 3959
 9782
 7131
 1521
 7033
 1577
 6285
 8062
  384
 2567
 1931
 5069
 8694
 2136
 4879
 4487
 5889
 6376
 1767
 9261
 7224
 5320
 2729
 4500
 2689
 3058
 8745
 7884
 2889
 5930
 5266
 3847
 8533
  689
 2718
 5819
 6002
 9052
 6491
 4772
 5721
 2876
 8004
 8672
 4100
 2757
 8478
 7309
 5635
 6556
 8197
 1360
 9602
 1578
 6880
  811
 5152
 5115
 8519
 8367
 7440
 9749
 5286
 8815
  217
 7032
 1065
 8203
 1045
 4632
 9765
 5766
 1585
 4434
 5978
  268
 6495
 4200
  840
 4469
 1525
 3048
 9552
 5090
 8701
 3697
 8779
  283
 6956
 6768
  128
 3313
 3039
 5903
 3387
 5116
 1571
 6571
 2109
    5
 4194
 9392
  974
 3794
 9890
 2246
 9869
 9243
 1852
 3467
 1063
 9964
 8982
 2297
 3078
  150
 1657
  614
 2779
 3040
 4936
 8476
 5923
 7085
 5888
 5802
  167
 3935
 2121
 4990
 5537
 4796
 3360
 9642
 2219
 4320
 9682
  838
 9564
  473
 4050
 9573
 4959
 8606
  966
 7165
 3775
 1744
 6213
 5842
 3515
 4174
 7937
  526
 2859
  519
  928
  619
  630
 8087
 4261
 4210
  775
 7362
 2728
 1888
 8935
 5217
 2576
 7081
 1375
 7467
   41
 2556
 5485
 3594
 2837
 6586
 6323
 2660
 9892
 1421
 8940
 5904
 2780
 9493
 9300
 9480
 7317
 1165
 8332
 6371
  221
 5820
  816
 5854
 5644
 8627
 6801
 8534
 7604
 1600
 8526
 8385
 1034
 9487
 4002
 6164
 2548
 5079
 4732
 4648
  886
 4199
 9041
 4400
 7710
 9422
 2973
 8999
 3543
 3627
 4449
 8728
 4900
 2267
 5577
 6995
 6088
 1719
 1060
 4830
 6089
 4090
 6916
 1135
 4691
 5449
 8338
 1098
 5777
 8967
 5082
 4974
 8934
  354
 8170
 2703
  147
 4528
  483
  414
 6194
  505
 5649
 4314
 9042
   94
 1599
 1877
 7923
 2067
 1486
 2249
 7319
 5303
 8834
 1497
 4481
 5486
 1647
 2088
 6085
  366
 2431
 3023
 3841
 6892
 2944
 3802
 8278
 3655
 4329
 6560
 2984
 8223
  829
 2881
 8152
 1482
 7663
 3996
 8161
 4696
 7125
 2315
 9092
 5669
 6069
 5302
 2929
 1409
 1017
 3310
 1978
 8030
 9257
 2823
  559
 3679
 6272
 2188
 8254
 7057
 3177
 2061
 2698
  727
 4741
 1566
 8963
 7771
 7566
 9277
 4073
 7235
 5569
 7092
 6577
 2541
 4077
 4009
 4799
 1702
 5035
 6127
 7410
 4419
 5717
 2654
 2871
 7632
 6971
 3010
 7359
 2093
 3156
 4340
 8133
 3609
 6680
 2408
 5934
 2290
 4048
 7234
 8609
 9064
 5831
 8866
 1598
  108
 4571
  332
 3568
 7749
 9707
 6449
 7314
 2265
 6461
 5347
  580
 3112
 9631
 9271
 1411
 4744
 1933
 4087
 7146
 6523
 3230
 9885
 4707
 2640
 8581
 5189
 1252
 8688
 8930
 2647
 6518
 1426
 2706
 1204
 9321
 4709
 7520
 8905
   24
  224
 6383
 9224
 4085
 7962
 9910
 7748
 7194
 3444
 4033
 7021
 6004
 5139
 7769
 2374
 5021
 1010
 5008
 4112
  890
 2570
 5807
 9341
   88
 6569
 4460
 6651
  785
 6087
 8857
 9698
 5319
 3326
  826
 6406
 4664
 5073
 1442
   27
 3466
 4819
 8109
 9712
 4117
 4866
 7126
 3945
 3324
 3332
 4146
 5787
 8372
 8764
  904
 5546
 3808
 6291
 7976
 4111
 1222
 6783
 5830
  105
 6245
 6288
 3249
 5876
 7120
 9211
 4448
 3780
  542
 8095
 6252
 4183
 5175
 1543
 5771
 4822
 6714
 8129
 5138
 6895
 7907
 2086
 2316
 6542
 8545
 9621
 3680
 3421
 1718
 1630
 2678
 8517
 8946
 6712
 2507
   81
 7270
  714
 9415
 3256
 1195
 4228
 9373
 1253
 5773
 7701
 4791
 8027
 3325
 7539
 6150
 6816
 1301
 5011
  114
 7050
 3690
 9871
 4265
 9347
 5653
 4212
 5086
  456
 3417
 3379
 2789
 5642
 1116
 4298
 7692
 4505
 7821
 7939
 8674
 2409
 4537
 4413
 2284
 9708
 3011
 4573
 3228
 6389
 2800
 6815
 9866
 9928
 4805
 7045
 9585
 9532
 4653
 4028
 4677
  110
 1646
 7519
  427
 5804
 2936
 5394
 5194
 6093
 3380
 1552
 8511
 9085
 9146
 2091
   84
 7372
 1008
 3653
 6820
 4198
  509
 5279
 2115
 6979
 3714
 1224
 4461
 7343
  809
 9396
 4982
 6503
 8642
 2749
 3579
 5597
 2206
 6763
 9178
 8949
 2385
 1305
 2146
 5134
 6868
 1564
 3965
 7696
   86
 8925
 7006
 8171
 9936
 9958
 8890
 7431
 3862
 7444
 8189
 3874
 2465
 9130
 2319
 8921
 4935
 2962
 2287
  213
 7866
 2458
 2160
 8692
 5020
 1856
 2214
  783
 8049
 6790
 9464
 3634
 3888
 5328
 6688
 1103
 6777
 9232
 9402
 5939
 5451
 9343
 5693
 5844
  770
 6113
  358
  915
 8499
 6057
 8993
 3497
 6117
 3056
 2845
 3354
 1970
 3273
  115
 4867
 8877
 3869
 2653
 7688
 1335
 2369
 7116
 1113
 4877
 1885
 5148
   37
 5866
 8199
 4106
 3133
 2600
 3623
 8705
 1449
 2365
 5161
 2468
 8007
 1731
 5744
 7588
 7174
 5107
 8657
  211
 4986
 5057
 8019
  549
 4659
 9376
  158
 2877
 2644
 6652
 2947
 7768
 4566
 8976
 7704
 5294
 3844
 1180
 2985
 7883
  225
 9065
 5004
 5340
 3452
  893
 1265
 7042
 5468
 5170
 4884
 9891
 7970
 9857
 1967
 6278
 2937
 5119
 3620
 3299
 9481
 5895
 2529
 2601
 2948
 2210
 7484
 3605
 6974
 3833
 4399
 2132
 7099
 8637
 5293
 7352
  459
 2569
 7490
 3584
 6196
 3806
 5833
 9597
  682
 3317
 8179
 5926
 9998
 3108
 8484
 4024
 6363
  443
 6446
    7
 3950
 3006
 8420
 1541
 9604
 2323
 6789
 7179
 6311
 9304
 8144
 3099
 5993
 2474
 1616
 5363
 8475
 8823
 1324
 5308
 7450
   59
 1406
 4164
 7816
 5455
 3701
 4341
 1752
 3393
 3300
 3143
  368
 4445
 1639
 7364
 4508
 3221
 9121
 3826
 2552
 5168
 6488
 1819
 9729
 7984
 1662
 7543
 9722
  107
   39
 3480
 4844
 2054
 9466
 9248
 5230
 7685
 2356
 6882
 1530
 6736
  762
 7996
 2197
 7138
 8858
 5681
 2813
 8377
 6984
 7073
 3358
 7760
 6337
 9191
 2279
 2488
 4812
 2485
 8441
 2768
 3160
 1835
 8092
 7216
 4901
 3863
 8198
 5796
 9665
  339
 3381
 5621
 1343
 6436
 1762
 6888
 6027
 7895
  636
 9381
 7109
 7265
 5672
 3202
 4660
  175
 7065
 6005
 3456
 6403
 2355
 4883
  565
 1444
 8177
 5423
 3864
 1318
 5847
 9545
 6107
 3353
 3725
 3107
 8207
 9995
 9125
 6833
 8926
 8037
 2364
 9895
 4492
 3930
 6753
 3445
 8101
 2869
 3416
 9776
  500
 2030
  430
 5679
 7633
 8047
 6653
 3067
 1826
 9845
 7799
 4920
 1930
 9280
  855
 1164
 7436
 1353
 7001
 5203
 2057
 1156
 5064
 5452
 6410
 5774
 6662
 3314
  262
 6609
 4748
 4281
 5560
 6440
 9633
 3270
 4308
  381
 3713
 5722
 8459
 4068
 4716
 1993
 9811
 1043
 8103
 5372
 1799
  986
 9316
 8357
 5515
 8832
 4997
 9486
  440
 2421
 3952
 9664
 9803
  209
 8915
 5609
 5508
 6784
 5760
 1307
 9590
 7617
 5671
 6757
 5826
  624
 9616
 8370
 5734
 5767
 9843
 4371
 8409
 9549
 7651
 6536
 1089
 5299
 9193
 9609
 9693
 8655
 8658
 7239
 7865
 2862
 2560
 8829
 7611
 9045
  949
 4161
 1393
 8807
 9361
 9027
  290
 5741
 3288
 9957
 3572
  724
 5894
 5718
 3618
  510
 9136
  145
 9951
 9985
 6013
 2336
 5341
 2353
  778
  961
 5225
 3824
 6309
 8045
 8840
 5197
 4262
 9450
 6567
 7857
 6987
 4141
 8638
 9955
 2952
  571
 2850
 9787
 8862
 7609
 8805
 6445
 8735
   47
 5253
 1726
 2339
 3650
 8093
 5255
 3111
  907
 1969
  491
 6883
 7532
 6628
 4039
 1507
  422
 4027
 5281
 3565
  188
 9896
 9044
 1728
  830
 9143
 4778
 3461
 6226
 3049
  788
 5354
 8126
 6125
 9588
 3710
 3439
 5358
 3082
 1202
 9993
 4038
 4599
 7738
 9123
 7493
 5622
 5359
 7922
 7928
 8405
 8541
 6405
  989
 2604
 5343
 5140
 5475
  889
 8148
 2257
 3489
 6246
 2855
 9355
 5666
 4415
 4757
 6222
 5007
 4779
 8433
 8423
 7781
 4292
 6767
 3645
 3564
 7414
 1975
 2509
  543
 4410
 5871
  360
  256
 4885
 8546
 3598
 1255
 5227
 8997
 9763
 7210
 3866
 9658
 2676
 6903
 4562
 8636
 2357
 1081
 3832
 8364
  286
 6975
 5561
 6953
 1209
 2841
 7451
 1597
 3362
 5416
 1218
 4621
 9291
 5025
 6894
 6938
 2193
 7753
 1748
 7358
 5185
 5674
 9506
 4833
 5345
 3614
 8001
 6629
  763
 8407
 8598
 6906
 2050
 8081
 8748
   46
 4275
 5620
 7967
 8554
 9635
 3664
 9687
 3242
 1766
 3527
 5444
  583
 3773
 9653
 2306
 2572
 3485
 9083
 9607
 8513
  938
  897
 3115
 4718
 4405
 6909
 3394
 5208
 7465
 5562
 9542
  924
  450
  409
 9719
 8151
 2203
  848
 3519
 2726
 2422
 5065
 4801
  153
 6190
 9266
 7409
 7825
 7279
 2674
 7840
 9485
 8277
 7252
  118
 9981
 2865
 3731
  254
   40
 6672
 5190
 4813
 3724
 3447
 2981
 4861
  117
  274
 3050
 4601
 8470
  536
 9694
 1487
 1441
 2659
  314
 1709
 9090
 3846
 2358
 3458
  359
 9216
 1968
 6265
 7430
 4020
 4784
  810
 8601
 1638
 9225
  868
 3396
 8641
 7807
 8132
 9270
   92
 1356
 5507
 9214
 5174
 8913
 5916
 3757
 6890
 8450
 2235
 6260
 3173
 4063
 2024
 4728
 5500
 9314
 4323
 2018
 3670
 8418
  181
 1413
 1391
 3441
 9340
 5195
 7282
 8273
  686
 7942
 3508
  697
 2476
 5946
 6292
 8011
 5862
 2611
  947
 8874
 6766
 3145
 6058
 5291
 7716
  259
 7722
 7998
 3030
 9710
  569
 4955
 3649
 4713
 1158
 8752
 1861
 8696
 3528
 4113
 7181
 8285
 4412
 4582
 6210
 3462
 4453
 2620
 2708
 4547
   48
 9297
 5477
  881
 1911
 2744
 5149
   16
 2226
 9654
 1287
  244
 3539
 3562
 5548
 7312
 3258
 1962
 1401
 8869
 9978
 6668
 9671
  787
 3146
  431
 8134
 5761
 3260
 5663
 8600
 8820
  993
  814
 8090
  906
 6108
 1190
  800
  249
 4414
 1876
  779
 5660
 6614
 9673
 1981
 8294
 8538
 7650
 4202
 7913
 1163
 7824
 5898
 3760
 9968
 7887
 9286
 3987
 9416
 2555
 5407
 5788
 9428
 1463
 2110
  438
 7839
 4916
 9157
 3825
 7677
 1524
 6090
 8492
 9838
 5016
 8989
 9559
 1700
  821
 7411
 3147
 5137
 4710
 7739
 9899
 3208
 6872
 4932
 8097
 9117
 6665
   50
 7014
 9593
 2332
 9306
 7780
 3076
 2531
  101
 1716
 4774
 3097
 4541
 5494
 5705
 2919
 2652
 7955
 6207
 7960
 9202
 9930
 3994
 6719
 5523
 3275
 6957
 1162
 4058
  137
 7557
 5655
 9091
 6565
 7055
  484
 2711
 1341
 4104
 7941
 4625
 2151
 5786
 1380
  836
  291
 8222
 9913
 6911
 5901
 3619
 3583
 8000
 7349
 2076
 7324
 2795
 7544
 8671
 9031
  364
 9156
 3055
 3673
 8391
 8096
 1612
 2613
 5216
 8703
 1858
 2927
  732
 3234
 8569
 2821
 9849
 7180
 3449
 3302
 1660
 5547
 9372
 6774
 3953
 2971
  698
 9927
 7040
 9837
 4395
 2242
  433
 3695
 1947
 6583
 1134
 3121
   89
 2387
 8392
 1589
  103
 4186
 3020
 5251
 5886
 7268
 1059
 4376
 3031
 4046
 6961
 6312
 4326
 6603
 2434
 6462
  139
 2220
  340
 6307
 3770
 5811
 3172
 3476
 9818
 7767
 6178
   30
  445
 8775
 4030
 8072
 3343
 6103
 9234
 7195
 3214
 4611
 7291
 7897
 1658
 6548
 4289
 4236
 1998
  242
 8610
 9953
 9049
 8792
  925
 9638
 7954
 1550
 4679
 8255
 4899
  632
 1912
 6811
 2963
  234
 6204
  777
 5280
 3989
  877
 1923
 7225
 3908
 1363
 3726
 2217
 4882
 3881
 9172
 2001
 1757
 8191
  379
 1828
 4650
 5099
 5698
 8349
 4145
 3304
 6393
  345
 3289
 5626
 6544
 3782
 4556
  205
 1977
 5661
 3405
 3798
  934
 2442
 3567
 1548
 6606
 6589
 3315
  460
 1251
 4700
 9622
 6635
 9035
 8073
 8265
 2639
  728
 2915
 7891
 5365
   66
 8924
 5304
 9758
 3128
 5775
 9933
 6862
 4996
 5367
 6630
 2139
 4136
 9456
 2727
  324
 8196
  977
 6919
 3372
 9241
 7193
 1328
  210
 7514
  223
 4872
 6404
 5275
 5335
 4185
 4856
 8584
  425
 8486
 2103
 6185
 2232
 9518
 2625
 7158
  138
 3320
 6331
 6201
   12
 8990
 3762
 6235
 2895
 7186
 8816
 4477
  621
 8818
 5015
 2461
 1573
 6847
 6408
 2581
 2236
 5637
 1372
 2766
 7586
  795
 5371
 6686
 4257
 2425
  156
 7205
 9757
 7606
  952
 5009
 4123
 4418
  741
 3167
 9349
 5540
 6193
 2565
 3991
 2055
 1126
 2359
  683
 4094
 1940
 2278
 8288
 7655
 3789
 7565
 3639
 7829
 5473
 3481
 4529
 4001
 2916
 4367
 2758
 7198
 8031
  173
 9131
 5711
 4760
  467
 4909
 4163
 7766
 5702
 9761
 8214
   62
 4072
 8434
 5027
 8747
 7803
 2891
  287
   11
 9576
 2167
 8654
 8234
 8230
 6827
 3229
  578
  454
 9095
 7584
 3422
 2417
 2907
 3894
 4733
 7316
 2814
 3694
 9354
 9781
 2042
 8774
  696
 5516
 8339
 4177
 8389
 3351
 5551
 9744
 2106
 5512
    1
 3195
 4983
 2437
  718
 7009
 7631
 1047
  731
 1685
 4049
  807
  905
 8123
 7844
 9830
 4619
  888
 9207
 4488
 8284
 5126
 2824
 1346
 7095
 5982
 5392
 4639
 9199
 9281
  813
 4128
  143
 7393
  983
 5598
 6936
 1295
 9440
   72
 6038
 7545
 7561
 6499
 7169
 1514
 4970
 9184
 2591
 1191
 5647
 7893
 7398
  757
 4245
 6031
 4270
 6045
 5555
 8892
 6303
 8895
 8200
  418
 8461
 1331
 8560
 7763
 2486
 7417
 1737
 8846
 6563
 4840
 5726
 8502
 5492
 6360
 6964
 8568
 7214
 3395
 7730
 5327
  864
 3009
  544
 3068
 5297
 2972
 7927
 7261
 6451
 5054
 4631
 4234
 9094
 6016
 9317
 2114
  178
 4347
 4248
 3821
 1114
  844
 2490
 7915
 7881
 9102
 7381
 5851
 9269
 4122
 9598
 7024
  333
 4374
 5935
 3811
 7215
 2574
  856
 7959
 4486
 1884
 4008
 6977
 3005
 8252
 7579
 1383
 7943
 5950
 7428
 3887
 8137
 4384
 7535
 9767
 9783
 7342
 8401
 9724
  507
   44
 5708
 6594
  393
 5952
 8114
 3034
 1175
 8308
 6830
 6424
 5033
 7163
 6121
 9382
 2015
 3505
 9298
 4079
  288
 2153
 2818
 1076
 2886
 3681
  499
 4852
 2794
 4871
 3542
  476
 1184
  305
 6510
 2205
 7023
 7953
 9096
 2224
 8899
 7728
 6602
 8972
 7607
 5404
 8756
  195
 3161
 6186
 2439
 5768
 4515
 8060
 8016
 6475
 4544
 1425
 8210
 7555
 5969
  975
 7243
 4897
 6413
 8042
  792
 9128
 7422
 7037
 1235
 8673
 6044
 4294
 4019
 1982
 2724
 2993
 6110
 6773
 5265
 1994
 1140
 1379
 8574
 5498
 4491
 1688
 6181
 5945
 4891
 6775
 7924
 4862
 1686
 2317
 9539
 9784
 5601
 9851
 4363
 1820
 1504
 6524
 9371
 9560
 9007
 8437
 8742
 5813
 3889
  720
 3305
 1871
 4337
 8770
  789
 6799
 7904
 4810
 5249
 5389
  273
 5238
 8772
 3876
 1866
 4232
 6126
 7645
 5080
  550
 8753
 2234
 6158
 5707
 6471
  214
 7383
 5991
 5436
 6959
 4383
 8914
 6214
 7906
 8532
 5166
 5435
 4690
 1189
 5456
 6342
 8268
 8395
 7629
 2112
  981
 5274
 5670
 6691
  987
 2502
 8035
  212
 4851
 6797
 3085
 5289
 5958
 6826
 1505
  642
 6845
 1617
 7038
 7135
 7715
 2719
 6332
  240
 3297
 4051
 7406
   76
 6591
   83
 3004
 9636
 3498
 8157
 6553
 4703
 4131
  377
 5325
 4904
 4517
 8136
 9303
 2301
 1513
 5799
 2034
 3457
 4332
 3933
 5276
 6649
 4949
  189
 5135
  436
 7736
 1244
 7965
 5083
 1419
 9082
 6330
 2314
 4649
 4666
 4416
 4612
 9819
 1106
 9623
 8969
   93
 7683
 3465
 2767
 2546
  367
 4963
 5028
 3433
 7546
 6256
 7668
  304
 2958
  264
 6676
 4507
 1365
 9079
 1099
 9282
 4903
 9219
 3771
 5329
 4189
 1535
 2932
 5860
 3057
 9536
 5997
 9815
 8666
 4319
 1759
 2079
 7550
 8005
 4443
 1649
 2607
 4288
 8419
 5478
 3000
 3311
 7305
 9417
 1763
 2026
 2518
 1214
 9931
 5432
 5789
 3758
 3482
 2231
 5469
 8041
 6225
 1182
 1470
 7672
 9180
 3658
 9753
 6902
 3451
 6067
 9675
 9429
 3545
 9893
 2457
 3285
 7670
 8503
 3220
 7325
 7360
 4712
 5611
 2656
 3184
 2043
 8496
 9502
 2449
 5474
 1652
 8069
 4276
 8297
 7449
 4957
  692
 1079
 3962
 6504
  678
 6384
 6558
 2172
 7931
 4216
 7290
 6010
 6744
 5167
 1687
 5731
  199
 3211
 5437
 7468
 3737
 3389
 1282
 3045
  570
  355
 6625
 8520
 6478
 3711
 2687
 6931
 6279
 2515
 8873
 8280
 6551
 8063
   97
 6258
 9982
 6144
 6141
 6218
 4532
 6999
 6514
 4152
 4725
 7982
 1669
 1491
 1758
 9908
 3593
 2352
 8587
  442
  603
 7725
 9077
 1110
 6943
 7621
 9025
 8814
 7888
 5870
  761
 7306
  306
 3986
 8977
   79
 1476
 3992
 5878
 2857
  365
 8457
 2628
 6701
 4751
 7380
 7002
 1527
 5368
 3110
 3892
 2943
 1071
 5462
 4821
 2345
 6020
 1680
 6910
 4762
 5629
 6092
 6109
 1753
 1924
 7772
 6631
 9704
 2696
 1886
 1805
 1785
 8421
 4299
 3678
  564
 7649
 6749
 7199
 9730
 5603
 5039
 8599
 3075
 4195
 7133
 1035
 4841
 8746
 2157
 8582
 1437
 3595
  327
 7669
 2686
  159
 4037
 4240
 7079
 7773
 7558
 1376
 1862
 1323
  289
 8755
 1420
 9967
  872
 3849
 7636
 6159
 2334
 9305
 7159
 6937
 1727
  672
 4552
 5182
 1272
 6130
 1092
  523
 4132
 5221
  979
 8130
 7596
 8204
 9649
 9221
 8680
 8691
 3367
 1149
 8588
 7387
 7150
 5186
 1954
 8192
 4313
 8508
 8798
 6534
 2344
 6760
 5984
 2893
 1174
 4787
 5481
 9120
 6934
 2787
 1166
  348
 2897
 2825
 1490
  353
 8186
 2641
 5171
 2835
 6554
 9808
 8068
 5852
 3333
 8551
 5558
 7365
 1260
 2815
 9842
 7177
 7950
 5913
 9454
 3722
 4045
 4409
 4190
 5803
 9663
 5172
 6132
 2495
 4064
 8942
 3907
 9533
 4798
 8918
 2978
 1088
 5056
 7458
 5568
 1724
 7035
 3659
 2276
 1650
 9153
  253
 1602
 6073
 3340
 3492
 7521
 7612
 9154
 5748
 6758
 7407
 9716
 1096
 7403
 6663
 4003
 1480
 6299
 4645
 5178
 5572
 8211
 6295
 6052
 2451
 7391
 9054
 9404
 9273
 6613
 9114
 2463
 7694
 5164
 2381
 1450
 3257
 5072
 4272
 7413
  699
 9262
 5564
 5747
 5360
 6423
 5245
 6690
 6705
 7538
 6264
 1037
 9881
 8853
 3943
 5214
 8417
 3590
 3911
 6683
 1859
 9789
 6860
 5284
 8916
  171
 2910
 7204
 7132
 4018
 4483
 2832
  415
 8789
 7758
 1738
 5241
 5743
 8871
  344
 8592
 7851
  280
 1347
 1537
 9198
 7297
 8837
 9484
  976
  329
 3652
 9453
 8831
 2039
 5758
 1865
  420
 9060
 6650
 2105
 4873
 1229
 8783
  453
 6233
 7067
 1028
 1101
 6339
 7575
 3086
 9711
 1568
 8205
 3730
 3640
 3685
 1549
 1532
 3472
 3418
 7597
 7737
 5156
 3604
 7395
 1803
 4635
 8397
 5022
 9268
  296
 4747
 9009
 4215
 4671
 8400
 1016
 8981
  134
 6750
 5240
 5725
 7601
 7039
 2954
 2836
 4583
  497
 3522
 4527
 1872
 4921
  648
  470
 3069
 1575
 1949
 4451
 3373
 4944
 1326
 8066
 4150
 6897
  337
 7791
 5530
 3495
 3199
 8474
 6028
 2890
 1015
 8237
 3657
 4665
 1325
  873
 5795
 7505
 3602
 9577
 9353
 4171
 2677
 2292
 4074
 5539
 2100
 7481
 3391
 3182
 3135
 1061
 6747
 1044
 1850
 3295
  832
 7435
 4473
 8570
 5261
  229
 1645
 2663
 2635
 4388
 2612
 2033
 7905
 1415
  533
  462
 4994
 6024
 1812
 5461
 5793
 9829
 1926
 9034
 9383
 9336
 5949
 2575
 4057
 2964
 2716
 7446
 7515
 2709
 6555
 5465
 7958
  995
 3766
 8373
 1127
 3814
  799
 1715
 1257
 7502
 3990
 8408
 4726
 8710
 3071
 3566
 9056
 8537
 6341
  734
 6195
 1921
 3016
 3357
 6129
 7223
 2270
 7989
 1451
 7678
 4300
 8817
 4454
  849
 8612
 6849
 6347
 6327
 2168
  300
 4066
 9579
 6610
 9155
 5533
 7849
 7453
 7213
 1951
 1350
 2702
 1522
 7425
 2864
 1562
 5940
 2618
 8622
 4730
 2333
 1212
 5806
 8077
 4266
 3870
 1976
 7329
 4911
 4652
 5421
 1567
 4609
 4386
 2697
 9142
  202
 7795
 1431
 1999
 9501
 9231
  361
 8244
 9550
 2131
 6163
 9592
 6151
 4602
 2995
 7643
  527
 7341
 6472
 6940
 6176
 5964
 1030
 4110
 5096
 1284
 6922
  478
 3001
 4926
 6040
 7339
 7530
 3575
 3630
 5380
 9059
 6458
 1228
 9561
 9246
 3471
 7056
 8233
  187
 5998
 4403
 4626
 5639
 1344
 6624
  160
 8039
 1641
 6831
 3212
 9389
 6976
 6722
 4139
  611
 9949
 5157
 7675
 6541
 5942
 1029
 1231
 8325
 9140
 1308
 4060
 6615
   56
 4937
 2037
 1843
 9794
 2753
 9578
 3631
  782
 7832
 8013
 9222
 6189
  142
 4239
 5191
 1501
 1206
 8350
 1496
 7107
 2587
 9055
 1729
 9743
 9499
 2682
 8720
 6155
  162
 6517
 3262
 5173
 5176
 7137
 1519
 2075
 9754
 1661
 2462
 6450
 5103
 9276
 6834
 5213
 9124
 8394
 1934
 2222
 9816
  494
 9865
  609
 5457
 9771
 4180
 1902
 1198
 4893
 9129
 7182
 1797
 2785
 1261
 3982
   68
 3823
 2059
 2537
  654
 3831
 6409
 9427
 7249
 7708
 5312
 1273
 3035
  457
 6640
 7028
 7034
 6381
 6854
 8427
 1774
 5118
 4016
 7585
 7658
 7534
 4218
 4525
 3038
 3534
  756
 3183
 5538
 9853
 1879
 8632
 8664
 3455
 4644
 2670
 9735
 3683
  343
 1416
 9581
 5970
 6585
  765
 6346
 4815
  576
 5576
 6685
 9508
  346
 2072
 1941
 2733
 8651
  180
 1973
 5583
 1468
  197
 6064
 5874
 9391
 5859
 4463
 8959
 4026
 9046
 7474
 4806
 2194
 2195
 7104
 9926
 9824
   54
 5616
 2797
 9186
 4654
 2051
 6305
 3976
 7271
 8301
 4535
 4247
 1197
 3551
 2027
 3189
 1588
 5520
 1666
 1336
 8225
 7294
 5113
 4411
 3923
 5295
 1701
 1474
 4656
  768
 6794
 5066
 9791
 9925
 6055
 8209
 3980
 9847
 7118
 5199
 8743
   63
 9301
 9244
 7774
 7119
 7273
 9972
 5509
 4291
  715
 8773
  749
 1695
 9179
 8911
 8542
 4969
 9586
 8822
 2472
  272
 8089
 9322
 2081
 9072
 2694
 5686
 6119
 7508
 1124
 6477
 4714
 1560
 8539
 9185
 6745
 2991
 8451
 6929
 8901
 6120
 2299
 9228
 4596
 8359
 8162
 9856
 2605
 1557
 6071
 3744
  878
 8232
 1891
 1538
 1205
 8802
 9672
  997
 1233
 4905
 6146
 1553
 8040
 7226
 8169
 4157
 5610
 3646
 3854
 1178
  285
  927
 9807
  560
 3829
  395
  352
 1481
 5730
 7918
 7347
 3140
 3171
 8075
 6946
 9311
 5836
 3509